0.2907822
0.37320396
0.39677292
0.40064102
0.39425957
0.38496086
0.37216225
0.35866398
0.34481436
0.33041468
0.31622827
0.3032447
0.29120559
0.28012326
0.2699687
0.25965595
0.25027236
0.24238181
0.23459975
0.22722624
0.22035445
0.21384968
0.20780066
0.20134228
0.19552177
0.18987805
0.18501641
0.1805252
0.17615259
0.17189908
0.16783246
0.16402686
0.1601382
0.15685117
0.15317354
0.14983144
0.1467916
0.14359726
0.1405456
0.1375653
0.13473015
0.13195099
0.12940231
0.12687866
0.124468245
0.122164324
0.11997141
0.117852725
0.11581241
0.11384698
0.11194693
0.11008856
0.10830516
0.10657783
0.10489217
0.10327016
0.10170381
0.100179285
0.09870099
0.09726491
0.09586417
0.094518244
0.0932012
0.09193421
0.09069232
